9 9 13
4 0 0 -3 -4 -9 -8 0 0
-2 -6 -6 -5 -2 -4 0 0 0   
-9 -8 0 -9 0 -7 -9 -8 0
-9 0 -8 -9 0 -2 -4 -8 0
0 -8 -8  0 -9 -3 -5 -3 9
-9 -9 -9 -8 -9 -2 -6 -5 0
-8 -8 -9 -9 -8 -8 -9 -9 0
-9 -8 -9 -9 -8 0 0 -9 0
-9 -8 -9 -9 -8 0 0 -9 0

9 9 14
4 -9 -9 -8 -9 -9 -8 -8 0
-2 -4 -9 -8 -9 -8 -9 -8 0
-9 -2 -4 -3 -6 -4 -6 -9 0
0 -8 -2 -5 -3 -4 -9 -8 0
-8 -8 -8 0 -2 -4 -3 -4 0
-8 -8 -8 -8 -9 -2 -5 -2 9
-8 -9 -8 -9 -8 -8 -8 -9 0
-9 -9 -9 -8 -8 -8 -8 -8 0
-9 -8 -8 -8 -8 -8 -8 -8 -8

9 9 12
4 -9 0 -9 -3 -6 -6 -4 -8
-2 -4 -9 -8 -7 -3 -6 -5 -8
-9 -2 -4 -8 -7 -2 -6 -4 -9
-3 -6 -5 -3 -4 -3 -6 -5 0
-7 0 -8 -7 -3 -5 -3 -6 9
-2 -6 -6 -5 -2 -6 -5 -8 0
-9 -9 -9 -9 -9 -8 -8 0 0
-8 -8 -9 -8 0 -8 -8 -9 -9
-9 -8 -9 -9 -8 0 0 -9 0

9 9 10
4 -3 -6 -4 -8 -3 -6 -4 -9
-2 -5 -3 -5 0 -2 -4 -6 -8
-3 -6 -5 -8 -8 -3 -5 -7 0
-7  -9 -9 0 -9 -7 -9 -7 0
-2 -4 -8 -8 -8 -2 -4 -2 9
0 -2 -6 -6 -6 -6 -5 -9 0
-9 -8 -9 -9 -8 0 0 -9 0
-9 -9 -9 -9 -9 -8 -8 0 0
-8 -8 -9 -8 -8 -8 -8 -9 -9

9 9 9
4 -8 -8 -9 -8 -9 -8 -8 -9
-7 -3 -6 -4 -3 -4 -3 -4 -9
-7 -7 -8 -2 -5 -2 -5 -7 0
-2 -5 -9 -8 -8 -9 -8 -7 0
-9 -9 -9 0 -8 -8 -8 -2 9
0 -8 -8 -9 -8 -8 -8 -8 0
-8 -9 -8 -8 -8 -9 -9 -9 0
-9 -9 -9 -9 -8 -8 -9 -9 -9
-8 -9 -9 -8 -9 -8 -9 -8 -8 

9 9 2
4 -8 -3 -4 -9 -3 -6 -4 0
-7 -8 -7 -7 -9 -7 -3 -5 -8
-7 -8 -7 -7 -3 -5 -7 -8 0
-2 -6 -5 -7 -7 0 -7 0 0
-8 -9 -9 -7 -2 -4 -7 -3 9
-3 -6 -6 -5 0 -7 -7 -7 0
-2 -6 -4 -8 0 -7 -2 -5 0
0 -9 -7 0 -3 -5 0 -9 -8
0 -9 -2 -6 -5 -9 -8 -8 -9

9 9 1
4 0 -3 -4 -9 -8 -9 -8 0
-7 -3 -5 -7 -9 -8 -8 -9 0
-7 -7 -9 -7 -8 -8 -9 -9 0
-2 -5 -3 -5 0 -9 -9 -9 0
0 -8 -7 -9  0  -8 -8 -3 9
-3 -6 -5 -3 -4 -3 -4 -7 0
-2 -6 -4 -7 -2 -5 -2 -5 0
0 -9 -7 -7 0 0 0 -2 -5
-8 -9 -2 -5 -9 -9 -9 -9 -9

6 9 4
4 0 0 0 0 0 0 0 0
-2 -6 -4 0 0 0 -8 -8 0
0 0 -7 0 0 0 -3 -4 0
0 -3 -5 0 -8 -8 -7 -7 0
-8 -2 -6 -4 0  -3 -5 -2 9
0 -8 0 -2 -6 -5 0 0 0 

9 9 11
4 -8 -9 -9 -8 0 0 -9 0
-7 -9 -9 -9 -9 -8 -8 0 0
-7 -3 -6 -4 -8 -3 -6 -4 -9
-2 -5 -3 -5 0 -2 -4 -6 -8
-3 -6 -5 -8 -8 -3 -5 -7 0
-7  -9 -9 0 -9 -7 -9 -7 0
-2 -4 -8 -8 -8 -2 -4 -2 9
0 -2 -6 -6 -6 -6 -5 -9 0
-8 -8 -9 -8 -8 -8 -8 -9 -9

6 9 5
4 0 -8 -8 -8 -3 -4 -8 0
-7 -8 -9 -9 -3 -5 -7 -8 0
-7 -9 -8 -3 -5 -3 -5 0 0
-7 0 -3 -5 -3 -5 -8 -9 0
-2 -6 -5 -3 -5 -8 -8 -3 9
-8 -9 -8 -2 -6 -6 -6 -5 0

6 9 6
4 -3 -6 -4 0 -9 -3 -4 0
-2 -5 -3 -5 -3 -6 -5 -7 0
-8 -9 -2 -4 -2 -6 -4 -7 0
-8 -9 -3 -5 -3 -6 -5 -7 0
-3 -6 -5 -8 -7 -8 0 -2 9
-2 -6 -6 -6 -5 -8 0 -8 0

6 9 7 
4 -9 -3 -6 -4 -8 -8 0 0
-2 -4 -7 -3 -5 -8 -8 -8 0
-8 -2 -5 -7 -8 -9 -8 -8 0
0 -9 -3 -5 0 -8 -8 0 0
-8 -3 -5 -9 -3 -4 -9 -3 9
-8 -2 -6 -6 -5 -2 -6 -5 0

6 9 8 
4 -9 0 -8 0 -8 -8 -8 0
-2 -4 -3 -4 -9 -3 -6 -4 0
-9 -2 -5 -2 -6 -5 0 -7 0
-3 -6 -6 -6 -6 -6 -6 -5 0
-2 -6 -4 -8 -3 -4 -3 -6 9
0 -8 -2 -6 -5 -2 -5 0 0

6 9 3
4 0 0 -3 -4 -9 -8 0 0
-2 -6 -6 -5 -2 -4 0 0 0   
-9 -8 0 -9 0 -7 -9 -8 0
-9 0 -8 -9 0 -2 -4 -8 0
0 0 0 0 -9 -3 -5 -3 9
0 0 0 -8 -9 -2 -6 -5 0

6 9 15
4 -9 -9 -8 -9 -9 -8 -8 0
-2 -4 -9 -8 -9 -8 -9 -8 0
-9 -2 -4 -3 -6 -4 -6 -9 0
0 -8 -2 -5 -3 -4 -9 -8 0
-8 -8 -8 0 -2 -4 -3 -6 9
-8 -8 -8 -8 -9 -2 -5 -8 0